$1,1515762583,-0.067,0,-0.15,56.02,-0.18,0,14
$2,1515762583,-0.062,-0.84679,10.338,12.506,-0.19,34.824,135.52,20
$3,1515762583,-0.068,0,0,0,0,17
$4,1515762583,-1.5e+09,0,-57007,2.4143e+05,0,10
$1,1515762585,-0.067,0,-1.2,54.51,-0.18,0,21
$2,1515762585,-0.062,0.40458,10.676,10.917,-0.19,34.824,135.52,03
$3,1515762585,-0.077,0,0,0,0,1F
$4,1515762585,-1.5e+09,0,-57569,2.4192e+05,0,17
$1,1515762587,-0.067,8.464,-3.2,54.51,-0.18,0,31
$2,1515762587,-0.065,1.5702,10.95,10.887,-0.18,34.824,135.52,08
$3,1515762587,-0.077,0,0,0,0,1D
$4,1515762587,-1.5e+09,0,-57031,2.4254e+05,0,14
$1,1515762589,-0.067,6.1364,-5.2,54.51,-0.18,-10,1D
$2,1515762589,-0.062,-3.9849,2.9524,-14.175,-0.19,34.824,135.52,3B
$3,1515762589,-0.077,0,0,0,0,13
$4,1515762589,-1.5e+09,0,-57840,2.4315e+05,0,10
$1,1515762591,-0.067,2.116,-7.2,54.51,-0.18,-221,14
$2,1515762591,-0.062,33.041,-29.661,59.56,-0.19,34.824,135.52,2E
$3,1515762591,-0.077,0,0,0,0,1A
$4,1515762591,-1.5e+09,0,-57350,2.4389e+05,0,16
$1,1515762593,-0.067,12.379,-9.2,54.51,-0.38,0,0C
$2,1515762593,-0.065,49.642,-26.59,36.862,-0.18,34.824,135.52,26
$3,1515762593,-0.077,0,0,0,0,18
$4,1515762593,-1.5e+09,0,-56951,2.4435e+05,0,1E
$1,1515762595,-0.067,4.8668,-11,54.51,-0.18,-1,0B
$2,1515762595,-0.062,15.871,7.4685,32.498,-0.19,34.824,135.52,31
$3,1515762595,-0.077,0,0,0,0,1E
$4,1515762595,-1.5e+09,0,-57351,2.4497e+05,0,1B
$1,1515762597,-0.067,0,-13,54.51,-0.18,-4,24
$2,1515762597,-0.062,10.656,7.9334,9.3777,-0.19,34.824,135.52,36
$3,1515762597,-0.077,0,0,0,0,1C
$4,1515762597,-1.5e+09,0,-57312,2.437e+05,0,20
$1,1515762599,-0.067,0,-15,54.51,-0.18,0,05
$2,1515762599,-0.065,11.744,8.8094,10.418,-0.19,34.824,135.52,3A
$3,1515762599,-0.077,0,0,0,0,12
$4,1515762599,-1.5e+09,0,-55106,2.4574e+05,0,19
$1,1515762601,-0.067,0,-17,54.51,-0.18,180,0C
$2,1515762601,-0.062,12.362,9.2083,10.568,-0.19,34.824,135.52,37
$3,1515762601,-0.077,0,0,0,0,10
$4,1515762601,-1.5e+09,0,-55108,2.4689e+05,0,14
$1,1515762603,-0.067,0.1058,-19,54.51,-0.18,-133,07
$2,1515762603,-0.062,11.137,10.089,8.9678,-0.18,34.824,135.52,37
$3,1515762603,-0.077,0,0,0,0,12
$4,1515762603,-1.5e+09,0,-55547,2.476e+05,0,2F
$1,1515762605,-0.067,13.172,-21,54.51,-0.18,146,2F
$2,1515762605,-0.065,12.128,10.153,9.0915,-0.18,34.824,135.52,31
$3,1515762605,-0.077,0,0,0,0,14
$4,1515762605,-1.5e+09,0,-55413,2.4834e+05,0,17
$1,1515762607,-0.067,4.9197,-23,54.51,-0.18,122,29
$2,1515762607,-0.062,13.244,10.34,9.1231,-0.19,34.824,135.52,01
$3,1515762607,-0.077,0,0,0,0,16
$4,1515762607,-1.5e+09,0,-56267,2.4892e+05,0,1F
$1,1515762609,-0.067,1.7457,-25,54.51,-0.18,-209,04
$2,1515762609,-0.062,14.477,10.217,9.3022,-0.19,34.824,135.52,3F
$3,1515762609,-0.077,0,0,0,0,18
$4,1515762609,-1.5e+09,0,-55612,2.4951e+05,0,1A
$1,1515762611,-0.067,0.1587,-27,54.51,-0.18,336,24
$2,1515762611,-0.065,17.843,19.682,12.146,-0.19,34.824,135.52,32
$3,1515762611,-0.077,0,0,0,0,11
$4,1515762611,-1.5e+09,0,-55720,2.5012e+05,0,1C
$1,1515762613,-0.067,11.268,-29,54.51,-0.18,527,29
$2,1515762613,-0.062,30.044,5.4781,-4.6065,-0.18,34.824,135.52,1B
$3,1515762613,-0.077,0,0,0,0,13
$4,1515762613,-1.5e+09,0,-55378,2.5082e+05,0,1E
$1,1515762615,-0.067,5.5545,-31,54.51,-0.18,297,22
$2,1515762615,-0.062,30.232,5.9512,-25.875,-0.19,34.824,135.52,16
$3,1515762615,-0.077,0,0,0,0,15
$4,1515762615,-1.5e+09,0,-55330,2.5152e+05,0,18
$1,1515762617,-0.067,10.58,-33,54.51,-0.18,139,1D
$2,1515762617,-0.065,9.4231,3.7429,44.061,-0.18,34.824,135.52,39
$3,1515762617,-0.077,0,0,0,0,17
$4,1515762617,-1.5e+09,0,-55409,2.5218e+05,0,1A
$1,1515762619,-0.067,6.7183,-35,54.51,-0.18,234,2C
$2,1515762619,-0.062,1.7775,0.29234,-85.475,-0.19,34.824,135.52,2B
$3,1515762619,-0.077,0,0,0,0,19
$4,1515762619,-1.5e+09,0,-55178,2.5278e+05,0,11
$1,1515762621,-0.067,9.2575,-37,54.51,-0.18,-521,0C
$2,1515762621,-0.062,21.118,9.6836,6.6784,-0.18,34.824,135.52,38
$3,1515762621,-0.077,0,0,0,0,12
$4,1515762621,-1.5e+09,0,-55553,2.535e+05,0,2C
$1,1515762623,-0.067,6.9299,-39,54.51,-0.18,-607,06
$2,1515762623,-0.065,22.368,10.858,6.8665,-0.18,34.824,135.52,3D
$3,1515762623,-0.077,0,0,0,0,10
$4,1515762623,-1.5e+09,0,-55124,2.5414e+05,0,1D
$1,1515762625,-0.067,2.5921,-41,54.51,-0.18,297,2F
$2,1515762625,-0.062,23.502,11.14,7.1304,-0.19,34.824,135.52,0D
$3,1515762625,-0.077,0,0,0,0,16
$4,1515762625,-1.5e+09,0,-56109,2.5476e+05,0,13
$1,1515762627,-0.067,0.1587,-43,54.51,-0.18,-196,06
$2,1515762627,-0.062,24.49,11.513,7.3023,-0.19,34.824,135.52,04
$3,1515762627,-0.077,0,0,0,0,14
$4,1515762627,-1.5e+09,0,-55995,2.5548e+05,0,13
$1,1515762629,-0.067,0,-45,54.51,-0.18,64,3A
$2,1515762629,-0.065,24.684,13.41,10.997,-0.19,34.824,135.52,09
$3,1515762629,-0.077,0,0,0,0,1A
$4,1515762629,-1.5e+09,0,-55609,2.5608e+05,0,10
$1,1515762631,-0.067,0,-47,54.51,-0.18,106,04
$2,1515762631,-0.062,24.171,27.536,-2.4295,-0.19,34.824,135.52,1B
$3,1515762631,-0.077,0,0,0,0,13
$4,1515762631,-1.5e+09,0,-55555,2.5667e+05,0,1A
$1,1515762633,-0.067,0,-49,54.51,-0.18,391,04
$2,1515762633,-0.062,5.967,29.804,36.472,-0.19,34.824,135.52,06
$3,1515762633,-0.077,0,0,0,0,11
$4,1515762633,-1.5e+09,0,-54865,2.5739e+05,0,1D
$1,1515762635,-0.067,0,-51,54.51,-0.38,0,02
$2,1515762635,-0.065,24.819,9.1268,6.9488,-0.18,34.824,135.52,31
$3,1515762635,-0.077,0,0,0,0,17
$4,1515762635,-1.5e+09,0,-55472,2.5806e+05,0,13
$1,1515762637,-0.067,0,-53,54.51,-0.18,45,31
$2,1515762637,-0.062,26.283,11.376,9.1422,-0.19,34.824,135.52,3F
$3,1515762637,-0.077,0,0,0,0,15
$4,1515762637,-1.5e+09,0,-55410,2.5875e+05,0,11